1
古城
12935140.05
4825694.5
1
八角游乐园
12937624.6
4825645.68
1
八宝山
12940185.58
4825661.64
1
玉泉路
12942086.41
4825707.12
1
五棵松
12944444.85
4825755.15
1
万寿路
12946751.67
4825737.49
1
公主坟
12948456.16
4825707.04
1
军事博物馆
12949975.71
4825669.47
1
木樨地
12951506.91
4825652.79
1
南礼士路
12953185.22
4825631.57
1
复兴门
12953764.12
4825639
1
西单
12955863.39
4825684.64
1
天安门西
12957511.04
4825746.79
1
天安门东
12958610.56
4825791.12
1
王府井
12959735.35
4825837.31
1
东单
12960652.33
4825852.04
1
建国门
12962359.66
4825852.12
1
永安里
12964084.54
4825811.44
1
国贸
12965108.99
4825798.97
1
大望路
12966931.62
4825799.15
1
四惠
12969082.99
4825907.28
1
四惠东
12971286.98
4825900.38
1
高碑店
12973092.58
4826039.09
1
传媒大学
12975693.52
4825952.26
1
双桥
12978138.97
4826051.79
1
管庄
12980650.13
4825910.05
1
八里桥
12982794.22
4825522.04
1
通州北苑
12984848.6
4825210.19
1
果园
12985898.81
4823706.41
1
九棵树
12987110.61
4823243.99
1
梨园
12988367.67
4822269.01
1
临河里
12989508.13
4821044.49
1
土桥
12990316.25
4820537.7
1
花庄
12991308.93
4818320.62
1
环球度假区
12989534.94
4817242.06
2
西直门
12953512.16
4830410.01
2
积水潭
12955412.58
4831673.82
2
鼓楼大街
12957760.68
4831575.73
2
安定门
12959354.64
4831771.59
2
雍和宫
12960316.9
4831790.65
2
东直门
12962214.83
4830596.98
2
东四十条
12962253.58
4829515.4
2
朝阳门
12962204.89
4828157.93
2
建国门
12962439.61
4825852.31
2
北京站
12961470.95
4825363.85
2
崇文门
12960388.27
4824821.12
2
前门
12958205.72
4824700
2
和平门
12956685.42
4824675.16
2
宣武门
12955597.69
4824605.61
2
长椿街
12954380.2
4824527.41
2
复兴门
12953626.86
4825637.55
2
阜成门
12953590.47
4828023.27
2
车公庄
12953412.7
4829277.24
4
安河桥北
12943974.05
4840919.75
4
北宫门
12944815.34
4839475.05
4
西苑
12946281.02
4838901.36
4
圆明园
12948371.84
4839010.17
4
北京大学东门
12949076.25
4837930.38
4
中关村
12949165.38
4836765.27
4
海淀黄庄
12949308.12
4835594.48
4
人民大学
12949724.66
4834278.43
4
魏公村
12949923.2
4832931.13
4
国家图书馆
12950139.29
4830884.44
4
动物园
12951629.82
4830105.66
4
西直门
12953512.2
4830409.92
4
新街口
12954850.07
4830490.05
4
平安里
12955427.4
4829502.35
4
西四
12955477.71
4828128.21
4
灵境胡同
12955528.16
4826955.35
4
西单
12955567.34
4825679.3
4
宣武门
12955597.69
4824605.62
4
菜市口
12955611.64
4823088.81
4
陶然亭
12955603.66
4821533.83
4
北京南站
12956135.53
4819571.42
4
马家堡
12955267.1
4817860.56
4
角门西
12955240.97
4816810.56
4
公益西桥
12955201.67
4815424.14
4
新宫
12954623.53
4811955.2
4
西红门
12950512.72
4808656.28
4
高米店北
12950753.41
4806362.39
4
高米店南
12950873.47
4804849.26
4
枣园
12950936.32
4803409.81
4
清源路
12950941.24
4801863.11
4
黄村西大街
12950953.39
4800280.74
4
黄村火车站
12950977.13
4798987.8
4
义和庄
12949440.57
4797529.57
4
主物医药基地
12949738.86
4793779.09
4
天宫院
12949540.59
4791452.36
5
天通苑北
12959887.67
4851195.78
5
天通苑
12959870.22
4850015.99
5
天通苑南
12959857.43
4848754.69
5
立水桥
12959821.28
4846807.87
5
立水桥南
12960064.5
4845189.66
5
北苑路北
12960459.81
4843549.9
5
大屯路东
12960389.39
4839682.02
5
惠新西街北口
12960349.31
4837372.47
5
惠新西街南口
12960405.9
4835798.63
5
和平西桥
12960452.91
4834529.1
5
和平里北街
12960518.35
4833118.45
5
雍和宫
12960289.96
4831657.63
5
北新桥
12960323.27
4830566.94
5
张自忠路
12960380.96
4829518.63
5
东四
12960395.36
4828167.55
5
灯市口
12960431.27
4827133.77
5
东单
12960456.39
4825851.88
5
崇文门
12960510.01
4824760.39
5
磁器口
12960550.14
4823660.83
5
天坛东门
12960778.96
4822093.29
5
蒲黄榆
12960867.28
4819666.22
5
刘家窑
12960909.56
4818510.26
5
宋家庄
12961616.02
4816808
6
金安桥
12932016.87
4828032.15
6
苹果园
12933778.97
4828373.58
6
杨庄
12934816.52
4828695.29
6
西黄村
12936879.52
4829458.67
6
廖公庄
12939201.49
4829252.47
6
田村
12942073.58
4828905.52
6
海淀五路居
12944700.08
4829336.96
6
慈寿寺
12946632.44
4829404.72
6
花园桥
12948553.5
4829304.5
6
白石桥南
12950061.5
4829275.3
6
二里沟
12951035.99
4829268.62
6
车公庄西
12952245.49
4829259.96
6
车公庄
12953400.52
4829276.93
6
平安里
12955188.65
4829334.44
6
北海北
12956977.98
4829468.93
6
南锣鼓巷
12958784.48
4829470.05
6
东四
12960248.01
4828170.6
6
朝阳门
12962107.46
4828161.09
6
东大桥
12964234.42
4827898.99
6
呼家楼
12965299.47
4827944.78
6
金台路
12967202.5
4827908.43
6
十里堡
12969807.07
4827982.39
6
青年路
12971490.08
4827997.93
6
褡裢坡
12976681.5
4828067.25
6
黄渠
12978314.45
4828083.4
6
常营
12980675.58
4828315.06
6
草房
12982502.19
4828189.25
6
物资学院路
12985102.35
4828537.63
6
通州北关
12987509.73
4827303.4
6
北运河西
12990549.02
4825033.76
6
北运河东
12992656.33
4825046.13
6
郝家府
12993823.73
4825058.5
6
东夏园
12995590.43
4825128.08
6
潞城
12997195.29
4825047.73
7
北京西站
12949696.94
4823853.31
7
湾子
12950446
4823131.82
7
达官营
12951302.88
4823129.84
7
广安门内
12953801.96
4823064.55
7
菜市口
12955607.78
4823086.85
7
虎坊桥
12956688.79
4823132.95
7
珠市口
12958237.17
4823412.23
7
桥湾
12959428.02
4823612.94
7
磁器口
12960672.6
4823658.5
7
广渠门内
12962264.27
4823700.21
7
广渠门外
12963953.13
4823655.79
7
双井
12965504.5
4823633.55
7
九龙山
12967230.46
4823614.13
7
大郊亭
12968272.39
4823621.49
7
百子湾
12969325.09
4823568.58
7
化工
12969985.17
4822807.21
7
南楼梓庄
12969704.01
4821012.71
7
欢乐谷景区
12969521.66
4819840.84
7
垡头
12970890.55
4819014.07
7
双合
12972542.75
4818851.91
7
焦化厂
12973718.85
4818219.84
7
黄厂
12975588.97
4817241.01
7
郎辛庄
12977406.06
4818294.77
7
黑庄户
12980645.8
4818626.19
7
万盛西
12984333.86
4819393.28
7
万盛东
12987103.72
4819376.66
7
群芳
12988601.79
4819355.21
7
高楼金
12990134.48
4819266.83
7
花庄
12991298.46
4818323.93
7
环球度假区
12989534.97
4817253.03
8
朱辛庄
12948838.48
4854200.78
8
育知路
12950355.13
4851790.14
8
平西府
12952943.72
4852089.63
8
回龙观东大街
12954360.39
4850795.48
8
霍营
12954001.08
4849479.09
8
育新
12952583.5
4847781.02
8
西小口
12953081.9
4845839.26
8
永泰庄
12953410.32
4844533.44
8
林萃桥
12955401.27
4842271.98
8
森林公园南门
12957622.42
4840565.6
8
奥林匹克公园
12957649.96
4839283.77
8
奥体中心
12957751.27
4837107.45
8
北土城
12957801
4835867.63
8
安华桥
12957796.83
4834583.42
8
安德里北街
12957901.82
4832948.87
8
鼓楼大街
12957760.65
4831540.57
8
什刹海
12958014.11
4830113.55
8
南锣鼓巷
12958894.69
4829554.01
8
中国美术馆
12959650.99
4828168.52
8
金鱼胡同
12959680.57
4826993.59
8
王府井
12959717.99
4826028
8
前门
12958444.15
4824527.03
8
珠市口
12958269.56
4823295.5
8
天桥
12958313.85
4822150.17
8
永定门外
12958423.89
4819688.84
8
木樨园
12958436
4818775.04
8
海户屯
12958477.03
4817725.6
8
大红门南
12958556.68
4815552.06
8
和义
12958674.96
4812400.52
8
东高地
12959475.91
4810963.7
8
火箭万源
12960527.4
4810093.56
8
五福堂
12961086.94
4808075.75
8
德茂
12963101.81
4806184.13
8
瀛海
12963924.63
4804492.04
9
郭公庄
12947540.5
4812340.02
9
丰台科技园
12947002.75
4813853.2
9
科怡路
12947021.57
4814894.85
9
丰台南路
12946934.33
4816129.79
9
丰台东大街
12946630.49
4818182.11
9
七里庄
12946684.39
4819917.23
9
六里桥
12947625.48
4821768.91
9
六里桥东
12949030.44
4822778.17
9
北京西站
12949690.25
4823853.76
9
军事博物馆
12949745.5
4825699.08
9
白堆子
12950199.54
4828044.77
9
白石桥南
12950188.27
4829386.17
9
国家图书馆
12950148.38
4830820.43
9
丰台站
12947875.03
4817402.22
9
泥洼
12947801.33
4818655.18
9
西局
12947698.9
4819785.01
9
六里桥
12947667.44
4821794.25
10
莲花桥
12948470.39
4824345.44
10
公主坟
12948442.62
4825707.35
10
西钓鱼台
12947063.66
4828044.74
10
慈寿寺
12946608.13
4829407.04
10
车道沟
12946628.2
4831692.62
10
长春桥
12946649
4833136.45
10
火器营
12946108.91
4834222.5
10
巴沟
12946654.41
4835380.83
10
苏州街
12948018.98
4835571.16
10
海淀黄庄
12949308.13
4835594.47
10
知春里
12950615.31
4835622.79
10
知春路
12952007.37
4835623.03
10
西土城
12953330.74
4835617.75
10
牡丹园
12955107.65
4835667.67
10
健德门
12956373.39
4835734.51
10
北土城
12957803.56
4835795.6
10
安贞门
12959106.86
4835805.28
10
惠新西街南口
12960405.9
4835798.62
10
芍药居
12962658.43
4835768.51
10
太阳宫
12963747.6
4835088.3
10
三元桥
12964822.62
4833492.9
10
亮马桥
12965382.23
4831708.68
10
农业展览馆
12965385.52
4830548.95
10
团结湖
12965337.03
4829449.03
10
呼家楼
12965325.89
4827945.05
10
金台夕照
12965330.9
4827074.65
10
国贸
12965152.48
4825798.3
10
双井
12965349.97
4823638
10
劲松
12965300.68
4822314.34
10
潘家园
12965270.74
4821116.25
10
十里河
12964921.21
4819687.8
10
分钟寺
12964447.75
4817670.92
10
成寿寺
12963776.13
4816742.39
10
宋家庄
12961616.38
4816812.24
10
石榴庄
12960019.1
4816836.48
10
大红门
12958276.98
4816792.33
10
角门东
12956922.71
4816746.64
10
角门西
12955240.98
4816810.55
10
草桥
12953192.4
4816762.52
10
纪家庙
12950998.47
4816549.86
10
首经贸
12949560.24
4816578.12
10
丰台站
12947875.03
4817402.22
10
泥洼
12947801.33
4818655.18
10
西局
12947746.46
4819801.32
10
六里桥
12947625.48
4821768.91
11
金安桥
12931895.34
4827882.46
11
北辛安
12932254.82
4826854.89
11
新首钢
12932272
4825957.03
13
西直门
12953250.63
4830617.29
13
大钟寺
12952366.33
4834171.94
13
知春路
12951789.84
4835623.85
13
五道口
12951544.06
4838011.72
13
上地
12949585.09
4843821.87
13
清河站
12948939.6
4845068.81
13
西二旗
12947999.79
4846769.01
13
龙泽
12949525.18
4849318.94
13
回龙观
12951347.37
4849286.7
13
霍营
12954036.95
4849287.83
13
立水桥
12959705.06
4846788.22
13
北苑
12962319.11
4845300.82
13
望京西
12963744.07
4838333.29
13
芍药居
12962456.73
4835825.65
13
光熙门
12961999.42
4834525
13
柳芳
12962100.78
4833024.99
13
东直门
12962356.34
4830788.98
14
善各庄
12967165.43
4843009.61
14
来广营
12965910.7
4841970.37
14
东湖渠
12965971.97
4840537.84
14
望京
12966032.34
4838915.06
14
阜通
12966407.07
4837882.85
14
望京南
12967578.13
4836847.68
14
将台
12968475.49
4834886.03
14
东风北桥
12968035.34
4833082.59
14
枣营
12966812.2
4830976.1
14
朝阳公园
12967185.94
4829457.89
14
金台路
12967161.05
4828007.24
14
大望路
12967130.52
4825936.9
14
九龙山
12967084.03
4823702
14
平乐园
12967076.98
4822420.06
14
北工大西门
12967081.06
4821014.04
14
十里河
12964906.82
4819675.09
14
方庄
12962928.04
4819671.42
14
蒲黄榆
12961022.55
4819663.27
14
景泰
12959640.85
4819629.22
14
永定门外
12958369.02
4819956.71
14
北京南站
12956133.67
4819599.86
14
景风门
12954675.24
4819228.77
14
西铁营
12953544
4818991.12
14
菜户营
12952027.98
4819891.15
14
丽泽商务区
12950855.96
4819912.55
14
东管头
12949687.31
4819914.18
14
西局
12947746.46
4819801.32
14
七里庄
12946633.92
4819795.3
14
大井
12944647.24
4819647.79
14
郭庄子
12942126.44
4819529.81
14
大瓦窑
12940692.42
4818729.56
14
园博园
12936396.69
4819001.75
14
张郭庄
12934731.48
4818568.77
15
青华东路西口
12951665.76
4839130.92
15
六道口
12953199.93
4839191.38
15
北沙滩
12955009.17
4839310.14
15
奥林匹克公园
12957533.33
4839450.62
15
安立路
12959319.89
4839513.89
15
大屯路东
12960539.59
4839538.35
15
关庄
12961947.52
4839251.83
15
望京西
12964105.78
4838468.52
15
望京
12966192.91
4838834.77
15
望京东
12968115.89
4839560.81
15
崔各庄
12968766.6
4842335.77
15
马泉营
12969934.67
4843988.08
15
孙河
12973430.42
4845641.65
15
国展
12975732.59
4849215.49
15
花梨坎
12976011.14
4851299.63
15
后沙峪
12976742.49
4855583.56
15
南法信
12981820.77
4857699.76
15
石门
12985313.72
4857958.79
15
顺义
12987082.08
4857943.07
15
俸伯
12990174.1
4858257.53
16
北安河
12928432.79
4848915.76
16
温阳路
12931883.87
4849064.79
16
稻香湖路
12934881.52
4849049.7
16
屯佃
12937963.98
4848950.92
16
永丰
12940475.09
4849472.4
16
永丰南
12941544.9
4848597.83
16
西北旺
12942623.47
4846193.88
16
马连洼
12944288.91
4843831.98
16
农大南路
12945339.97
4842246.85
16
西苑
12946436.15
4838955.17
16
万泉河桥
12947195.1
4836980.22
16
苏州桥
12948186.68
4833633.98
16
万寿寺
12948412.35
4831570.58
16
国家图书馆
12950037.01
4830644.76
16
二里沟
12951079.31
4829306.51
16
甘家口
12951186.1
4827959.51
16
玉渊潭东门
12951185.96
4826641.09
16
木樨地
12951128.24
4825894.94
16
达官营
12951217.95
4823318.32
16
红莲南路
12951421.02
4821315.25
16
东管头南
12949915.17
4818005.51
16
丰台站
12947577.86
4817472.56
16
丰台南路
12946945.75
4816130.07
16
富丰桥
12945870.01
4815456.8
16
看丹
12944269.46
4815264.14
16
榆树庄
12942754.46
4815773.58
17
十里河
12965229.11
4819491.35
17
周家庄
12966970.6
4818337.69
17
十八里店
12969134.38
4816584.43
17
北神树
12975457.79
4812861.63
17
次渠北
12978134.68
4811493.67
17
次渠
12979774.01
4810644.15
17
嘉会湖
12981882.49
4809148.54
19
牡丹园
12955107.95
4835785.11
19
北太平庄
12955132.94
4834583.14
19
积水潭
12955346.26
4831462.95
19
平安里
12954906.17
4829453.64
19
太平桥
12954368.09
4826017.57
19
牛街
12954401.86
4823236.38
19
景风门
12954511.15
4819375.25
19
草桥
12952741.87
4816909.21
19
新发地
12952498.25
4813535.01
19
新宫
12954788.95
4811957.09
大兴机场线
草桥
12952732.45
4816910.04
大兴机场线
大兴新城
12954629
4800880.06
大兴机场线
大兴机场
12960317.87
4768794.51
昌平线
西土城
12953374.08
4835497.07
昌平线
学院桥
12953279.71
4837343.39
昌平线
六道口
12953207.32
4839058.04
昌平线
学知园
12953145.79
4841260.55
昌平线
清河小营桥
12952191.07
4844104.3
昌平线
清河站
12948990.96
4845090.51
昌平线
西二旗
12947992.72
4846764.05
昌平线
生命科学园
12946669.99
4852856.64
昌平线
朱辛庄
12948829.18
4854201.62
昌平线
巩华城
12946645.91
4858114.58
昌平线
沙河
12946047.46
4860634.8
昌平线
沙河高教园
12945123.44
4863002.5
昌平线
南邵
12945874.58
4869159.58
昌平线
北邵洼
12945281.02
4871318.13
昌平线
昌平东关
12943094.74
4871267.61
昌平线
昌平
12939928.22
4871035.87
昌平线
十三陵景区
12937062.54
4873852.42
昌平线
昌平西山口
12935713.22
4874513.76
亦庄线
宋家庄
12961614.7
4816722.74
亦庄线
肖村
12963855
4815077.09
亦庄线
小红门
12965055.46
4814220.08
亦庄线
旧宫
12965239.08
4811127.92
亦庄线
亦庄桥
12967399.67
4810593.07
亦庄线
亦庄文化园
12968543.99
4811174.97
亦庄线
万源街
12970197.34
4810637.01
亦庄线
荣京东街
12971063.97
4809251.39
亦庄线
荣昌东街
12971998.45
4807756.33
亦庄线
同济南路
12974009.16
4806295.3
亦庄线
经海路
12976533.15
4807797.39
亦庄线
次渠南
12978650.65
4809429.55
亦庄线
次渠
12979761.35
4810640.04
亦庄线
亦庄火车站
12980923.49
4811985.03
16
东管头南
12949923.99
4818197.53
16
首经贸
12949598.44
4816667.41
16
花乡东桥
12949543.36
4814426.56
16
白盆窑
12948784.82
4812978.58
房山线
郭公庄
12947547.52
4812240.36
房山线
大葆台
12946392.76
4811350.4
房山线
稻田
12938296.15
4809387.02
房山线
长阳
12937609.89
4804900.06
房山线
篱笆房
12935012.33
4804508.54
房山线
广阳城
12934507.46
4802676.95
房山线
良乡大学城北
12934336.86
4800096.9
房山线
良乡大学城
12933558.83
4799144.49
房山线
良乡大学城西
12931311.48
4799159.09
房山线
良乡南关
12929593.97
4799140.23
房山线
苏庄
12927884.42
4799100.85
房山线
阎村东
12925112.75
4799887.19
首都机场线
北新桥
12960210.49
4830575.02
首都机场线
东直门
12962431.99
4830650.47
首都机场线
三元桥
12964822.7
4833491.67
首都机场线
3号航站楼
12982446.49
4846747.52
首都机场线
2号航站楼
12979946.49
4850601.02
首都机场线
三元桥
12964822.7
4833491.67
S1
苹果园
12933897
4828351.03
S1
金安桥
12932019.81
4828057.08
S1
四道桥
12928825.93
4826952.9
S1
桥户营
12927925.91
4826408.82
S1
上岸
12927529.93
4825365.71
S1
栗园庄
12927653.91
4824011.64
S1
小园
12926671.38
4823200.15
S1
石厂
12925109.93
4823052.85
燕房线
阎村东
12925112.97
4799895.03
燕房线
紫草坞
12923584.97
4799254.98
燕房线
阎村
12922863.57
4798140.37
燕房线
星城
12920745.9
4797736.73
燕房线
大石河东
12918331.67
4797215.22
燕房线
马各庄
12915767.85
4796500.02
燕房线
饶乐府
12914604.9
4795950.85
燕房线
房山城关
12912784.91
4796576.68
燕房线
燕山
12910973.33
4798543.45
西郊线
巴沟
12946394.9
4835422.76
西郊线
颐和园西门
12943233.68
4837053.35
西郊线
茶棚
12941544.2
4836499.65
西郊线
万安
12939738.26
4836757.21
西郊线
国家植物园
12937958.91
4838107.71
西郊线
香山
12936702.78
4838193.13
亦庄T1线
定海园
12971983.02
4807754.12
亦庄T1线
定海园西
12971983.02
4807754.12
亦庄T1线
每一路（京东）
12971983.02
4807754.12
亦庄T1线
亦创会展中心
12971983.02
4807754.12
亦庄T1线
荣昌东街
12971983.02
4807754.12
亦庄T1线
亦庄同仁
12971983.02
4807754.12
亦庄T1线
鹿圈东
12971983.02
4807754.12
亦庄T1线
泰河路
12971983.02
4807754.12
亦庄T1线
号村（奔驰北）
12971983.02
4807754.12
亦庄T1线
四海庄
12971983.02
4807754.12
亦庄T1线
太和桥北
12971983.02
4807754.12
亦庄T1线
瑞合庄
12971983.02
4807754.12
亦庄T1线
融兴街
12971983.02
4807754.12
亦庄T1线
屈庄（奔驰南）
12971983.02
4807754.12
